//rtl8197f version = 20
//
//=======================================================================================================================================//
//                   [0][1][2][3][4][5][6][7][8][9][10][11][12][13][14][15][16][17][18][19][20][21][22][23][24][25][26][27][28][29]      //
//=======================================================================================================================================//
[2G][A][+][CCK]    = {0,1,2,3,3,4,5,6,6,7,8,9,9,10,11,12,12,13,14,15,16,17,18,19,19,20,21,22,22,22}       //2GCCKA_P
[2G][A][-][CCK]    = {0,1,2,3,3,4,4,5,6,7,8,9,10,11,12,13,13,14,15,16,17,18,18,18,18,18,18,18,18,18}      //2GCCKA_N
[2G][B][+][CCK]    = {0,1,1,2,3,4,4,5,6,7,8,9,9,10,11,12,12,13,14,15,16,17,18,19,19,20,21,22,22,22}       //2GCCKB_P
[2G][B][-][CCK]    = {0,1,1,2,3,4,4,5,6,7,8,9,10,11,12,13,13,14,15,16,16,17,17,17,17,17,17,17,17,17}      //2GCCKB_N
[2G][A][+][ALL]    = {0,1,2,3,3,4,5,6,6,7,8,9,9,10,11,12,12,13,14,15,16,17,18,19,19,20,21,22,22,22}       //2GA_P	
[2G][A][-][ALL]    = {0,1,2,3,3,4,5,6,6,7,8,9,10,11,12,13,13,14,15,16,17,18,18,18,18,18,18,18,18,18}      //2GA_N	
[2G][B][+][ALL]    = {0,1,1,2,3,4,4,5,6,7,7,8,9,10,11,12,12,13,14,15,16,17,17,18,19,20,21,22,22,22}       //2GB_P	
[2G][B][-][ALL]    = {0,1,2,3,3,4,4,5,6,7,8,9,10,11,12,13,13,14,15,16,16,17,18,18,18,18,18,18,18,18}      //2GB_N	